propustnost.txt
ncols         203
nrows         227
xllcorner     -784767,48311451
yllcorner     -1151363,6465525
cellsize      5
NODATA_value  -9999
[rows 90 to 119 of 227, columns 67 to 133 of 203]
468,829 468,898 469,043 469,208 469,365 469,505 469,616 469,71 469,793 469,87 469,938 469,975 469,967 469,93 469,9 469,878 469,85 469,827 469,843 469,928 470,093 470,295 470,489 470,632 470,759 470,876 470,981 471,058 471,098 471,103 471,089 471,091 471,109 471,104 471,128 471,229 471,308 471,274 471,228 471,301 471,428 471,538 471,591 471,675 471,776 471,886 471,992 472,09 472,168 472,222 472,293 472,389 472,489 472,544 472,555 472,564 472,594 472,635 472,675 472,704 472,724 472,737 472,76 472,804 472,847 472,866 472,819
469,129 469,188 469,311 469,455 469,605 469,757 469,882 469,985 470,077 470,154 470,225 470,26 470,249 470,21 470,175 470,15 470,125 470,1 470,102 470,169 470,305 470,485 470,666 470,811 470,934 471,044 471,153 471,246 471,303 471,308 471,284 471,271 471,288 471,303 471,339 471,426 471,49 471,466 471,429 471,495 471,621 471,733 471,775 471,85 471,952 472,067 472,175 472,278 472,36 472,419 472,499 472,604 472,705 472,77 472,794 472,804 472,844 472,906 472,971 473,019 473,052 473,072 473,096 473,126 473,151 473,154 473,109
469,461 469,511 469,601 469,717 469,858 470,017 470,159 470,284 470,4 470,497 470,577 470,602 470,567 470,499 470,445 470,412 470,385 470,364 470,362 470,409 470,52 470,681 470,846 470,986 471,103 471,206 471,318 471,424 471,496 471,508 471,476 471,453 471,47 471,496 471,531 471,601 471,686 471,696 471,68 471,731 471,846 471,945 471,977 472,038 472,137 472,252 472,365 472,474 472,565 472,634 472,719 472,829 472,937 473,007 473,032 473,044 473,092 473,171 473,259 473,328 473,366 473,384 473,404 473,426 473,436 473,426 473,379
469,802 469,853 469,922 470,012 470,14 470,299 470,455 470,611 470,767 470,911 471,006 471,018 470,947 470,829 470,737 470,681 470,647 470,627 470,627 470,664 470,757 470,896 471,044 471,174 471,281 471,378 471,49 471,61 471,7 471,73 471,701 471,676 471,691 471,72 471,745 471,795 471,896 471,932 471,923 471,957 472,058 472,153 472,185 472,237 472,325 472,439 472,555 472,672 472,774 472,852 472,942 473,059 473,181 473,258 473,288 473,298 473,346 473,434 473,539 473,619 473,659 473,669 473,684 473,706 473,713 473,698 473,649
470,124 470,2 470,27 470,345 470,454 470,597 470,766 470,954 471,159 471,356 471,478 471,488 471,389 471,226 471,081 470,981 470,931 470,909 470,916 470,947 471,024 471,138 471,269 471,388 471,485 471,573 471,688 471,825 471,943 471,998 471,988 471,963 471,977 471,997 471,993 472,015 472,115 472,162 472,145 472,17 472,255 472,352 472,399 472,437 472,515 472,625 472,75 472,874 472,982 473,064 473,162 473,289 473,423 473,514 473,558 473,566 473,613 473,705 473,82 473,9 473,933 473,936 473,95 473,985 474,001 473,98 473,93
470,41 470,53 470,626 470,701 470,796 470,926 471,094 471,303 471,541 471,78 471,928 471,947 471,836 471,65 471,468 471,329 471,253 471,218 471,219 471,248 471,311 471,406 471,516 471,62 471,703 471,788 471,91 472,077 472,235 472,327 472,338 472,32 472,332 472,323 472,28 472,263 472,358 472,409 472,379 472,375 472,449 472,554 472,619 472,645 472,715 472,826 472,959 473,089 473,201 473,283 473,381 473,514 473,663 473,77 473,825 473,84 473,886 473,98 474,096 474,173 474,207 474,212 474,233 474,282 474,302 474,272 474,212
470,686 470,836 470,962 471,058 471,154 471,278 471,438 471,65 471,895 472,143 472,302 472,328 472,228 472,052 471,86 471,701 471,6 471,545 471,535 471,556 471,613 471,698 471,795 471,876 471,947 472,027 472,158 472,355 472,552 472,675 472,71 472,7 472,71 472,68 472,6 472,547 472,639 472,697 472,655 472,605 472,655 472,759 472,832 472,856 472,919 473,034 473,176 473,309 473,421 473,498 473,594 473,733 473,891 474,013 474,08 474,106 474,16 474,253 474,37 474,453 474,497 474,517 474,553 474,608 474,62 474,578 474,507
470,959 471,119 471,271 471,398 471,516 471,645 471,8 471,993 472,215 472,437 472,58 472,612 472,534 472,392 472,223 472,072 471,957 471,881 471,856 471,875 471,928 472,013 472,107 472,173 472,228 472,302 472,439 472,652 472,869 473,011 473,061 473,057 473,069 473,032 472,939 472,866 472,946 473,004 472,947 472,859 472,877 472,969 473,046 473,067 473,129 473,246 473,394 473,529 473,634 473,705 473,801 473,945 474,111 474,247 474,328 474,368 474,427 474,525 474,647 474,747 474,814 474,854 474,905 474,954 474,949 474,894 474,819
471,249 471,401 471,561 471,716 471,878 472,033 472,183 472,345 472,517 472,68 472,791 472,822 472,775 472,682 472,559 472,43 472,317 472,227 472,187 472,2 472,263 472,36 472,457 472,522 472,569 472,632 472,76 472,972 473,182 473,308 473,354 473,358 473,373 473,349 473,283 473,221 473,269 473,304 473,249 473,161 473,147 473,209 473,276 473,291 473,344 473,464 473,619 473,751 473,846 473,91 474,005 474,153 474,333 474,483 474,582 474,632 474,7 474,809 474,942 475,062 475,152 475,209 475,262 475,286 475,262 475,207 475,142
471,59 471,725 471,87 472,033 472,228 472,414 472,554 472,675 472,794 472,899 472,977 473,009 472,989 472,947 472,872 472,782 472,684 472,594 472,552 472,574 472,655 472,77 472,876 472,934 472,967 473,014 473,127 473,313 473,493 473,591 473,624 473,628 473,653 473,653 473,613 473,566 473,603 473,643 473,604 473,519 473,489 473,519 473,551 473,544 473,586 473,703 473,855 473,98 474,065 474,12 474,213 474,367 474,553 474,714 474,819 474,877 474,957 475,076 475,222 475,366 475,476 475,544 475,589 475,593 475,558 475,506 475,451
471,992 472,103 472,212 472,355 472,554 472,745 472,872 472,957 473,027 473,097 473,161 473,197 473,202 473,201 473,174 473,131 473,062 472,992 472,962 473,001 473,104 473,232 473,343 473,384 473,398 473,421 473,506 473,659 473,81 473,885 473,906 473,91 473,936 473,955 473,94 473,905 473,933 473,981 473,975 473,91 473,868 473,86 473,846 473,816 473,843 473,951 474,096 474,217 474,292 474,337 474,425 474,577 474,767 474,929 475,039 475,097 475,187 475,319 475,481 475,639 475,764 475,839 475,878 475,869 475,829 475,784 475,733
472,424 472,519 472,58 472,68 472,844 473,012 473,129 473,179 473,217 473,279 473,356 473,409 473,434 473,456 473,469 473,471 473,448 473,411 473,404 473,464 473,579 473,708 473,805 473,828 473,811 473,805 473,861 474,001 474,148 474,207 474,218 474,212 474,233 474,258 474,258 474,237 474,263 474,303 474,307 474,263 474,21 474,173 474,141 474,1 474,106 474,198 474,342 474,452 474,518 474,56 474,64 474,789 474,975 475,141 475,249 475,302 475,397 475,543 475,718 475,884 476,02 476,106 476,141 476,135 476,096 476,05 475,986
472,844 472,937 472,967 473,017 473,127 473,251 473,328 473,354 473,388 473,461 473,556 473,628 473,663 473,696 473,743 473,791 473,82 473,828 473,855 473,931 474,045 474,153 474,222 474,213 474,172 474,143 474,192 474,33 474,48 474,548 474,578 474,587 474,6 474,61 474,592 474,558 474,568 474,598 474,597 474,542 474,477 474,437 474,415 474,392 474,398 474,472 474,595 474,694 474,759 474,8 474,872 475,005 475,186 475,351 475,462 475,522 475,618 475,764 475,944 476,115 476,261 476,361 476,41 476,406 476,363 476,308 476,235
473,264 473,373 473,394 473,404 473,458 473,523 473,553 473,558 473,588 473,671 473,78 473,861 473,905 473,94 474,005 474,086 474,156 474,208 474,263 474,35 474,448 474,525 474,56 474,532 474,478 474,45 474,508 474,66 474,834 474,949 475,039 475,097 475,117 475,081 474,997 474,915 474,899 474,915 474,905 474,814 474,727 474,689 474,695 474,7 474,715 474,77 474,87 474,957 475,019 475,059 475,117 475,229 475,397 475,564 475,686 475,759 475,854 476 476,171 476,343 476,493 476,608 476,677 476,678 476,63 476,567 476,488
473,705 473,831 473,87 473,866 473,865 473,865 473,853 473,825 473,836 473,92 474,03 474,113 474,156 474,19 474,262 474,357 474,447 474,522 474,595 474,675 474,75 474,804 474,824 474,795 474,754 474,747 474,825 474,994 475,199 475,386 475,573 475,738 475,788 475,681 475,486 475,319 475,264 475,272 475,257 475,127 475,01 474,96 474,982 475,012 475,044 475,092 475,171 475,241 475,297 475,337 475,374 475,461 475,618 475,794 475,928 476,011 476,106 476,241 476,405 476,568 476,718 476,842 476,92 476,932 476,889 476,822 476,752
474,198 474,338 474,383 474,362 474,32 474,272 474,217 474,151 474,131 474,188 474,287 474,367 474,412 474,442 474,507 474,597 474,685 474,764 474,839 474,912 474,979 475,029 475,055 475,052 475,035 475,05 475,139 475,316 475,551 475,809 476,126 476,42 476,498 476,325 476,015 475,749 475,658 475,658 475,644 475,504 475,354 475,272 475,281 475,322 475,366 475,417 475,484 475,543 475,584 475,613 475,629 475,689 475,828 476,006 476,156 476,258 476,353 476,478 476,622 476,765 476,904 477,025 477,119 477,147 477,124 477,069 477,009
474,715 474,845 474,88 474,832 474,755 474,674 474,583 474,488 474,442 474,47 474,555 474,634 474,68 474,707 474,759 474,834 474,909 474,972 475,03 475,097 475,171 475,234 475,286 475,307 475,312 475,336 475,421 475,589 475,833 476,126 476,517 476,877 476,992 476,808 476,467 476,171 476,065 476,063 476,058 475,918 475,736 475,613 475,591 475,628 475,676 475,733 475,791 475,836 475,869 475,889 475,891 475,929 476,05 476,221 476,378 476,493 476,593 476,712 476,837 476,954 477,07 477,18 477,282 477,334 477,337 477,304 477,259
475,212 475,307 475,304 475,216 475,111 475,007 474,907 474,804 474,744 474,76 474,837 474,915 474,96 474,989 475,032 475,092 475,152 475,191 475,231 475,296 475,377 475,462 475,534 475,573 475,578 475,589 475,653 475,808 476,04 476,341 476,698 477,005 477,185 477,064 476,797 476,558 476,467 476,468 476,472 476,331 476,121 475,958 475,909 475,941 475,993 476,046 476,091 476,126 476,156 476,178 476,18 476,206 476,306 476,457 476,603 476,72 476,825 476,945 477,065 477,164 477,257 477,351 477,452 477,526 477,557 477,541 477,507
475,646 475,699 475,653 475,524 475,396 475,287 475,199 475,112 475,06 475,077 475,146 475,216 475,252 475,276 475,316 475,371 475,426 475,454 475,484 475,544 475,629 475,719 475,788 475,814 475,804 475,801 475,849 475,991 476,21 476,487 476,805 477,084 477,235 477,212 477,075 476,925 476,847 476,847 476,84 476,717 476,503 476,321 476,248 476,265 476,315 476,366 476,412 476,44 476,467 476,498 476,498 476,515 476,592 476,718 476,85 476,96 477,072 477,202 477,327 477,421 477,501 477,577 477,669 477,756 477,809 477,809 477,788
475,996 476,018 475,944 475,794 475,659 475,566 475,501 475,437 475,402 475,419 475,477 475,533 475,558 475,573 475,608 475,668 475,724 475,754 475,783 475,836 475,918 475,998 476,05 476,051 476,021 476,003 476,045 476,176 476,381 476,627 476,897 477,139 477,284 477,339 477,304 477,222 477,155 477,152 477,144 477,039 476,838 476,653 476,567 476,573 476,627 476,688 476,738 476,768 476,798 476,837 476,843 476,863 476,937 477,057 477,177 477,274 477,387 477,526 477,657 477,752 477,823 477,883 477,963 478,054 478,119 478,128 478,114
476,265 476,281 476,208 476,066 475,944 475,874 475,838 475,791 475,758 475,769 475,818 475,859 475,873 475,874 475,908 475,97 476,04 476,078 476,103 476,15 476,221 476,288 476,321 476,303 476,258 476,226 476,265 476,386 476,573 476,787 477,01 477,214 477,359 477,449 477,464 477,422 477,372 477,376 477,376 477,3 477,13 476,955 476,865 476,863 476,922 477,004 477,069 477,11 477,15 477,19 477,214 477,259 477,361 477,497 477,617 477,702 477,803 477,929 478,053 478,148 478,205 478,245 478,311 478,391 478,458 478,476 478,471
476,478 476,513 476,463 476,35 476,256 476,215 476,201 476,158 476,12 476,118 476,16 476,196 476,205 476,193 476,216 476,28 476,36 476,403 476,423 476,462 476,523 476,582 476,603 476,582 476,528 476,492 476,522 476,623 476,782 476,959 477,142 477,31 477,442 477,536 477,571 477,556 477,526 477,554 477,582 477,527 477,396 477,249 477,154 477,149 477,215 477,317 477,399 477,457 477,509 477,557 477,616 477,711 477,863 478,033 478,163 478,24 478,308 478,395 478,49 478,565 478,596 478,611 478,655 478,715 478,772 478,797 478,807
476,692 476,748 476,727 476,635 476,567 476,548 476,552 476,508 476,462 476,453 476,492 476,533 476,545 476,528 476,542 476,595 476,672 476,722 476,743 476,773 476,83 476,884 476,907 476,882 476,828 476,785 476,797 476,875 476,999 477,139 477,284 477,419 477,537 477,632 477,681 477,682 477,671 477,711 477,752 477,732 477,641 477,527 477,447 477,436 477,501 477,616 477,726 477,808 477,888 477,968 478,073 478,22 478,418 478,613 478,743 478,798 478,825 478,862 478,908 478,943 478,942 478,927 478,938 478,97 479,017 479,052 479,075
476,919 476,995 476,995 476,924 476,874 476,872 476,884 476,845 476,793 476,778 476,818 476,869 476,887 476,869 476,872 476,914 476,98 477,034 477,059 477,082 477,134 477,185 477,21 477,185 477,134 477,089 477,085 477,14 477,232 477,339 477,451 477,566 477,674 477,772 477,828 477,838 477,843 477,894 477,943 477,939 477,873 477,789 477,736 477,726 477,793 477,924 478,063 478,179 478,295 478,416 478,565 478,745 478,957 479,145 479,257 479,275 479,259 479,245 479,245 479,245 479,215 479,175 479,154 479,16 479,194 479,234 479,27
477,164 477,254 477,272 477,214 477,179 477,187 477,205 477,175 477,125 477,11 477,15 477,204 477,229 477,214 477,21 477,24 477,299 477,351 477,377 477,397 477,437 477,482 477,502 477,479 477,427 477,384 477,381 477,417 477,481 477,561 477,647 477,748 477,856 477,958 478,018 478,029 478,054 478,128 478,188 478,166 478,103 478,058 478,036 478,029 478,108 478,268 478,433 478,583 478,733 478,888 479,052 479,225 479,409 479,557 479,627 479,617 479,562 479,515 479,489 479,469 479,429 479,369 479,327 479,317 479,342 479,38 479,424
477,414 477,509 477,546 477,509 477,491 477,506 477,529 477,511 477,474 477,462 477,497 477,544 477,571 477,566 477,567 477,596 477,651 477,701 477,721 477,722 477,742 477,769 477,779 477,757 477,714 477,677 477,672 477,701 477,751 477,811 477,888 477,979 478,079 478,179 478,24 478,255 478,286 478,363 478,425 478,413 478,371 478,35 478,346 478,355 478,46 478,658 478,862 479,033 479,189 479,334 479,475 479,611 479,746 479,851 479,887 479,854 479,789 479,736 479,702 479,671 479,624 479,559 479,5 479,48 479,499 479,529 479,571
477,677 477,772 477,823 477,808 477,799 477,818 477,849 477,849 477,831 477,829 477,859 477,899 477,928 477,934 477,949 477,983 478,039 478,084 478,089 478,064 478,054 478,058 478,054 478,033 477,996 477,969 477,963 477,989 478,034 478,089 478,166 478,255 478,345 478,436 478,491 478,503 478,526 478,59 478,651 478,672 478,677 478,685 478,697 478,722 478,858 479,093 479,314 479,48 479,607 479,717 479,816 479,906 480,001 480,076 480,099 480,069 480,014 479,974 479,951 479,917 479,869 479,794 479,717 479,681 479,684 479,697 479,732
477,959 478,051 478,109 478,106 478,109 478,129 478,164 478,179 478,184 478,194 478,229 478,266 478,3 478,318 478,345 478,386 478,443 478,475 478,461 478,416 478,376 478,353 478,336 478,316 478,285 478,263 478,265 478,291 478,335 478,395 478,468 478,548 478,626 478,708 478,755 478,763 478,772 478,823 478,897 478,968 479,04 479,078 479,088 479,119 479,285 479,539 479,742 479,877 479,961 480,024 480,084 480,148 480,229 480,303 480,334 480,323 480,289 480,268 480,254 480,233 480,176 480,084 479,986 479,921 479,899 479,897 479,917
478,271 478,356 478,415 478,42 478,42 478,436 478,471 478,496 478,518 478,546 478,593 478,641 478,682 478,708 478,74 478,78 478,827 478,848 478,822 478,763 478,707 478,667 478,64 478,61 478,576 478,561 478,571 478,605 478,651 478,712 478,778 478,847 478,913 478,985 479,03 479,042 479,048 479,098 479,195 479,324 479,45 479,51 479,505 479,534 479,701 479,937 480,104 480,196 480,243 480,289 480,338 480,399 480,483 480,565 480,606 480,608 480,591 480,586 480,588 480,575 480,515 480,406 480,278 480,179 480,128 480,106 480,121
478,606 478,687 478,742 478,747 478,743 478,755 478,785 478,815 478,852 478,902 478,967 479,027 479,068 479,09 479,113 479,142 479,174 479,185 479,157 479,098 479,038 478,992 478,953 478,912 478,877 478,862 478,877 478,915 478,97 479,028 479,085 479,14 479,197 479,269 479,32 479,347 479,37 479,427 479,544 479,711 479,859 479,917 479,889 479,912 480,064 480,273 480,398 480,458 480,485 480,533 480,588 480,663 480,756 480,843 480,89 480,898 480,891 480,901 480,915 480,913 480,853 480,73 480,576 480,448 480,371 480,338 480,348
