propustnost.txt
ncols         203
nrows         227
xllcorner     -784767,48311451
yllcorner     -1151363,6465525
cellsize      5
NODATA_value  -9999
[rows 30 to 59 of 227, columns 67 to 133 of 203]
457,034 457,017 457,024 457,052 457,076 457,072 457,044 456,979 456,89 456,804 456,719 456,66 456,609 456,547 456,445 456,313 456,207 456,235 -9999 -9999 -9999 -9999 -9999 -9999 -9999 -9999 -9999 -9999 -9999 -9999 -9999 -9999 -9999 -9999 -9999 -9999 -9999 -9999 -9999 -9999 -9999 -9999 -9999 -9999 -9999 -9999 -9999 -9999 -9999 -9999 -9999 -9999 -9999 -9999 -9999 -9999 -9999 -9999 -9999 -9999 -9999 -9999 -9999 -9999 -9999 -9999 -9999
457,217 457,201 457,202 457,227 457,247 457,247 457,221 457,161 457,076 456,985 456,895 456,829 456,77 456,714 456,627 456,508 456,395 456,385 -9999 -9999 -9999 -9999 -9999 -9999 -9999 -9999 -9999 -9999 -9999 -9999 -9999 -9999 -9999 -9999 -9999 -9999 -9999 -9999 -9999 -9999 -9999 -9999 -9999 -9999 -9999 -9999 -9999 -9999 -9999 -9999 -9999 -9999 -9999 -9999 -9999 -9999 -9999 -9999 -9999 -9999 -9999 -9999 -9999 -9999 -9999 -9999 -9999
457,397 457,381 457,376 457,392 457,407 457,411 457,389 457,331 457,246 457,151 457,056 456,984 456,925 456,87 456,795 456,695 456,594 456,552 -9999 -9999 -9999 -9999 -9999 -9999 -9999 -9999 -9999 -9999 -9999 -9999 -9999 -9999 -9999 -9999 -9999 -9999 -9999 -9999 -9999 -9999 -9999 -9999 -9999 -9999 -9999 -9999 -9999 -9999 -9999 -9999 -9999 -9999 -9999 -9999 -9999 -9999 -9999 -9999 -9999 -9999 -9999 -9999 -9999 -9999 -9999 -9999 -9999
457,568 457,543 457,531 457,536 457,548 457,553 457,541 457,492 457,409 457,312 457,216 457,137 457,076 457,019 456,959 456,88 456,795 456,724 456,734 -9999 -9999 -9999 -9999 -9999 -9999 -9999 -9999 -9999 -9999 -9999 -9999 -9999 -9999 -9999 -9999 -9999 -9999 -9999 -9999 -9999 -9999 -9999 -9999 -9999 -9999 -9999 -9999 -9999 -9999 -9999 -9999 -9999 -9999 -9999 -9999 -9999 -9999 -9999 -9999 -9999 -9999 -9999 -9999 -9999 -9999 -9999 -9999
457,733 457,701 457,681 457,679 457,686 457,694 457,691 457,651 457,574 457,477 457,381 457,297 457,231 457,171 457,122 457,064 457,004 456,909 456,849 -9999 -9999 -9999 -9999 -9999 -9999 -9999 -9999 -9999 -9999 -9999 -9999 -9999 -9999 -9999 -9999 -9999 -9999 -9999 -9999 -9999 -9999 -9999 -9999 -9999 -9999 -9999 -9999 -9999 -9999 -9999 -9999 -9999 -9999 -9999 -9999 -9999 -9999 -9999 -9999 -9999 -9999 -9999 -9999 -9999 -9999 -9999 -9999
457,908 457,868 457,844 457,838 457,839 457,848 457,846 457,813 457,743 457,648 457,553 457,471 457,401 457,341 457,296 457,252 457,222 457,121 457,004 -9999 457,266 -9999 -9999 -9999 -9999 -9999 -9999 -9999 -9999 -9999 -9999 -9999 -9999 -9999 -9999 -9999 -9999 -9999 -9999 -9999 -9999 -9999 -9999 -9999 -9999 -9999 -9999 -9999 -9999 -9999 -9999 -9999 -9999 -9999 -9999 -9999 -9999 -9999 -9999 -9999 -9999 -9999 -9999 -9999 -9999 -9999 -9999
458,095 458,05 458,021 458,01 458,006 458,008 458,005 457,976 457,913 457,823 457,729 457,649 457,583 457,524 457,482 457,452 457,442 457,356 457,221 457,186 -9999 -9999 -9999 -9999 -9999 -9999 -9999 -9999 -9999 -9999 -9999 -9999 -9999 -9999 -9999 -9999 -9999 -9999 -9999 -9999 -9999 -9999 -9999 -9999 -9999 -9999 -9999 -9999 -9999 -9999 -9999 -9999 -9999 -9999 -9999 -9999 -9999 -9999 -9999 -9999 -9999 -9999 -9999 -9999 -9999 -9999 -9999
458,28 458,228 458,195 458,185 458,181 458,178 458,175 458,151 458,095 458,005 457,911 457,831 457,771 457,723 457,684 457,658 457,651 457,584 457,452 457,391 -9999 -9999 -9999 -9999 -9999 -9999 -9999 -9999 -9999 -9999 -9999 -9999 -9999 -9999 -9999 -9999 -9999 -9999 -9999 -9999 -9999 -9999 -9999 -9999 -9999 -9999 -9999 -9999 -9999 -9999 -9999 -9999 -9999 -9999 -9999 -9999 -9999 -9999 -9999 -9999 -9999 -9999 -9999 -9999 -9999 -9999 -9999
458,457 458,402 458,363 458,355 458,355 458,351 458,351 458,335 458,283 458,191 458,095 458,013 457,96 457,925 457,891 457,863 457,841 457,788 457,669 457,584 -9999 -9999 -9999 -9999 -9999 -9999 -9999 -9999 -9999 -9999 -9999 -9999 -9999 -9999 -9999 -9999 -9999 -9999 -9999 -9999 -9999 -9999 -9999 -9999 -9999 -9999 -9999 -9999 -9999 -9999 -9999 -9999 -9999 -9999 -9999 -9999 -9999 -9999 -9999 -9999 -9999 -9999 -9999 -9999 -9999 -9999 -9999
458,632 458,577 458,537 458,528 458,527 458,525 458,527 458,522 458,48 458,393 458,295 458,21 458,16 458,133 458,105 458,066 458,025 457,965 457,858 457,754 457,863 -9999 -9999 -9999 -9999 -9999 -9999 -9999 -9999 -9999 -9999 -9999 -9999 -9999 -9999 -9999 -9999 -9999 -9999 -9999 -9999 -9999 -9999 -9999 -9999 -9999 -9999 -9999 -9999 -9999 -9999 -9999 -9999 -9999 -9999 -9999 -9999 -9999 -9999 -9999 -9999 -9999 -9999 -9999 -9999 -9999 -9999
458,807 458,763 458,732 458,722 458,713 458,707 458,707 458,708 458,678 458,597 458,493 458,403 458,348 458,316 458,281 458,23 458,176 458,128 458,041 457,946 457,94 -9999 -9999 -9999 -9999 -9999 -9999 -9999 -9999 -9999 -9999 -9999 -9999 -9999 -9999 -9999 -9999 -9999 -9999 -9999 -9999 -9999 -9999 -9999 -9999 -9999 -9999 -9999 -9999 -9999 -9999 -9999 -9999 -9999 -9999 -9999 -9999 -9999 -9999 -9999 -9999 -9999 -9999 -9999 -9999 -9999 -9999
458,977 458,954 458,93 458,919 458,904 458,884 458,875 458,874 458,847 458,768 458,665 458,568 458,502 458,458 458,408 458,348 458,295 458,26 458,201 458,131 458,068 -9999 -9999 -9999 -9999 -9999 -9999 -9999 -9999 -9999 -9999 -9999 -9999 -9999 -9999 -9999 -9999 -9999 -9999 -9999 -9999 -9999 -9999 -9999 -9999 -9999 -9999 -9999 -9999 -9999 -9999 -9999 -9999 -9999 -9999 -9999 -9999 -9999 -9999 -9999 -9999 -9999 -9999 -9999 -9999 -9999 -9999
459,142 459,132 459,112 459,09 459,064 459,034 459,015 459,005 458,975 458,904 458,807 458,71 458,637 458,582 458,523 458,462 458,403 458,371 458,331 458,281 458,236 -9999 -9999 -9999 -9999 -9999 -9999 -9999 -9999 -9999 -9999 -9999 -9999 -9999 -9999 -9999 -9999 -9999 -9999 -9999 -9999 -9999 -9999 -9999 -9999 -9999 -9999 -9999 -9999 -9999 -9999 -9999 -9999 -9999 -9999 -9999 -9999 -9999 -9999 -9999 -9999 -9999 -9999 -9999 -9999 -9999 -9999
459,292 459,287 459,267 459,24 459,207 459,174 459,15 459,134 459,105 459,047 458,96 458,87 458,797 458,738 458,678 458,612 458,547 458,498 458,452 458,4 458,392 458,543 -9999 -9999 -9999 -9999 -9999 -9999 -9999 -9999 -9999 -9999 -9999 -9999 -9999 -9999 -9999 -9999 -9999 -9999 -9999 -9999 -9999 -9999 -9999 -9999 -9999 -9999 -9999 -9999 -9999 -9999 -9999 -9999 -9999 -9999 -9999 -9999 -9999 -9999 -9999 -9999 -9999 -9999 -9999 -9999 -9999
459,441 459,446 459,432 459,407 459,376 459,346 459,317 459,297 459,274 459,227 459,152 459,065 458,989 458,929 458,865 458,797 458,727 458,658 458,588 458,527 458,527 458,658 -9999 -9999 -9999 -9999 -9999 -9999 -9999 -9999 -9999 -9999 -9999 -9999 -9999 -9999 -9999 -9999 -9999 -9999 -9999 -9999 -9999 -9999 -9999 -9999 -9999 -9999 -9999 -9999 -9999 -9999 -9999 -9999 -9999 -9999 -9999 -9999 -9999 -9999 -9999 -9999 -9999 -9999 -9999 -9999 -9999
459,607 459,626 459,626 459,607 459,582 459,552 459,522 459,501 459,476 459,436 459,362 459,274 459,185 459,115 459,05 458,985 458,922 458,847 458,752 458,673 458,662 458,788 -9999 459,294 -9999 -9999 -9999 -9999 -9999 -9999 -9999 -9999 -9999 -9999 -9999 -9999 -9999 -9999 -9999 -9999 -9999 -9999 -9999 -9999 -9999 -9999 -9999 -9999 -9999 -9999 -9999 -9999 -9999 -9999 -9999 -9999 -9999 -9999 -9999 -9999 -9999 -9999 -9999 -9999 -9999 -9999 -9999
459,793 459,816 459,824 459,809 459,784 459,754 459,722 459,696 459,666 459,622 459,551 459,456 459,361 459,282 459,224 459,169 459,11 459,04 458,949 458,86 458,839 458,95 459,174 -9999 -9999 -9999 -9999 -9999 -9999 -9999 -9999 -9999 -9999 -9999 -9999 -9999 -9999 -9999 -9999 -9999 -9999 -9999 -9999 -9999 -9999 -9999 -9999 -9999 -9999 -9999 -9999 -9999 -9999 -9999 -9999 -9999 -9999 -9999 -9999 -9999 -9999 -9999 -9999 -9999 -9999 -9999 -9999
459,988 460,009 460,013 459,993 459,966 459,939 459,911 459,879 459,844 459,799 459,727 459,632 459,537 459,457 459,407 459,364 459,311 459,249 459,159 459,065 459,037 459,13 459,332 -9999 459,769 -9999 -9999 -9999 -9999 -9999 -9999 -9999 -9999 -9999 -9999 -9999 -9999 -9999 -9999 -9999 -9999 -9999 -9999 -9999 -9999 -9999 -9999 -9999 -9999 -9999 -9999 -9999 -9999 -9999 -9999 -9999 -9999 -9999 -9999 -9999 -9999 -9999 -9999 -9999 -9999 -9999 -9999
460,189 460,203 460,196 460,166 460,138 460,114 460,094 460,064 460,033 459,988 459,918 459,829 459,734 459,656 459,601 459,561 459,512 459,449 459,362 459,272 459,229 459,297 459,466 459,657 -9999 -9999 -9999 -9999 -9999 -9999 -9999 -9999 -9999 -9999 -9999 -9999 -9999 -9999 -9999 -9999 -9999 -9999 -9999 -9999 -9999 -9999 -9999 -9999 -9999 -9999 -9999 -9999 -9999 -9999 -9999 -9999 -9999 -9999 -9999 -9999 -9999 -9999 -9999 -9999 -9999 -9999 -9999
460,383 460,4 460,395 460,366 460,345 460,328 460,31 460,278 460,241 460,196 460,128 460,038 459,938 459,853 459,793 459,748 459,697 459,637 459,561 459,472 459,419 459,456 459,582 459,732 -9999 -9999 -9999 -9999 -9999 -9999 -9999 -9999 -9999 -9999 -9999 -9999 -9999 -9999 -9999 -9999 -9999 -9999 -9999 -9999 -9999 -9999 -9999 -9999 -9999 -9999 -9999 -9999 -9999 -9999 -9999 -9999 -9999 -9999 -9999 -9999 -9999 -9999 -9999 -9999 -9999 -9999 -9999
460,58 460,601 460,601 460,58 460,561 460,546 460,525 460,493 460,455 460,41 460,341 460,248 460,143 460,049 459,981 459,933 459,879 459,826 459,758 459,672 459,609 459,626 459,726 459,846 -9999 460,169 -9999 -9999 -9999 -9999 -9999 -9999 -9999 -9999 -9999 -9999 -9999 -9999 -9999 -9999 -9999 -9999 -9999 -9999 -9999 -9999 -9999 -9999 -9999 -9999 -9999 -9999 -9999 -9999 -9999 -9999 -9999 -9999 -9999 -9999 -9999 -9999 -9999 -9999 -9999 -9999 -9999
460,773 460,798 460,803 460,787 460,768 460,753 460,73 460,698 460,665 460,623 460,555 460,456 460,345 460,246 460,176 460,124 460,074 460,029 459,969 459,884 459,814 459,823 459,913 460,023 460,148 -9999 -9999 -9999 -9999 -9999 -9999 -9999 -9999 -9999 -9999 -9999 -9999 -9999 -9999 -9999 -9999 -9999 -9999 -9999 -9999 -9999 -9999 -9999 -9999 -9999 -9999 -9999 -9999 -9999 -9999 -9999 -9999 -9999 -9999 -9999 -9999 -9999 -9999 -9999 -9999 -9999 -9999
460,963 460,988 460,997 460,98 460,963 460,95 460,927 460,902 460,875 460,838 460,768 460,663 460,55 460,453 460,385 460,335 460,29 460,25 460,194 460,113 460,039 460,036 460,118 460,235 460,345 -9999 460,632 -9999 -9999 -9999 -9999 -9999 -9999 -9999 -9999 -9999 -9999 -9999 -9999 -9999 -9999 -9999 -9999 -9999 -9999 -9999 -9999 -9999 -9999 -9999 -9999 -9999 -9999 -9999 -9999 -9999 -9999 -9999 -9999 -9999 -9999 -9999 -9999 -9999 -9999 -9999 -9999
461,152 461,179 461,194 461,184 461,169 461,155 461,134 461,112 461,092 461,058 460,982 460,872 460,753 460,662 460,596 460,548 460,505 460,471 460,426 460,351 460,276 460,258 460,321 460,431 460,53 460,618 -9999 -9999 -9999 -9999 -9999 -9999 -9999 -9999 -9999 -9999 -9999 -9999 -9999 -9999 -9999 -9999 -9999 -9999 -9999 -9999 -9999 -9999 -9999 -9999 -9999 -9999 -9999 -9999 -9999 -9999 -9999 -9999 -9999 -9999 -9999 -9999 -9999 -9999 -9999 -9999 -9999
461,344 461,374 461,395 461,394 461,38 461,365 461,34 461,324 461,305 461,274 461,192 461,077 460,958 460,87 460,807 460,757 460,71 460,683 460,652 460,598 460,525 460,486 460,516 460,61 460,697 460,777 -9999 461,075 -9999 -9999 -9999 -9999 -9999 -9999 -9999 -9999 -9999 -9999 -9999 -9999 -9999 -9999 -9999 -9999 -9999 -9999 -9999 -9999 -9999 -9999 -9999 -9999 -9999 -9999 -9999 -9999 -9999 -9999 -9999 -9999 -9999 -9999 -9999 -9999 -9999 -9999 -9999
461,529 461,567 461,597 461,601 461,587 461,567 461,539 461,522 461,509 461,472 461,394 461,282 461,169 461,084 461,017 460,958 460,91 460,883 460,862 460,832 460,767 460,712 460,71 460,777 460,863 460,957 -9999 -9999 -9999 -9999 -9999 -9999 -9999 -9999 -9999 -9999 -9999 -9999 -9999 -9999 -9999 -9999 -9999 -9999 -9999 -9999 -9999 -9999 -9999 -9999 -9999 -9999 -9999 -9999 -9999 -9999 -9999 -9999 -9999 -9999 -9999 -9999 -9999 -9999 -9999 -9999 -9999
461,704 461,747 461,784 461,791 461,779 461,757 461,727 461,712 461,699 461,666 461,592 461,489 461,382 461,3 461,23 461,167 461,114 461,085 461,068 461,05 460,993 460,933 460,913 460,972 461,068 461,179 461,28 -9999 461,599 -9999 -9999 -9999 -9999 -9999 -9999 -9999 -9999 -9999 -9999 -9999 -9999 -9999 -9999 -9999 -9999 -9999 -9999 -9999 -9999 -9999 -9999 -9999 -9999 -9999 -9999 -9999 -9999 -9999 -9999 -9999 -9999 -9999 -9999 -9999 -9999 -9999 -9999
461,862 461,912 461,959 461,976 461,966 461,942 461,916 461,901 461,887 461,857 461,792 461,697 461,596 461,515 461,444 461,375 461,319 461,289 461,272 461,259 461,21 461,15 461,13 461,185 461,295 461,42 461,514 -9999 461,744 -9999 -9999 -9999 -9999 -9999 -9999 -9999 -9999 -9999 -9999 -9999 -9999 -9999 -9999 -9999 -9999 -9999 -9999 -9999 -9999 -9999 -9999 -9999 -9999 -9999 -9999 -9999 -9999 -9999 -9999 -9999 -9999 -9999 -9999 -9999 -9999 -9999 -9999
462,008 462,066 462,124 462,153 462,149 462,131 462,106 462,096 462,086 462,058 461,999 461,911 461,807 461,721 461,647 461,582 461,525 461,49 461,475 461,465 461,424 461,374 461,359 461,414 461,529 461,661 461,751 461,822 -9999 -9999 -9999 -9999 -9999 -9999 -9999 -9999 -9999 -9999 -9999 -9999 -9999 -9999 -9999 -9999 -9999 -9999 -9999 -9999 -9999 -9999 -9999 -9999 -9999 -9999 -9999 -9999 -9999 -9999 -9999 -9999 -9999 -9999 -9999 -9999 -9999 -9999 -9999
462,148 462,213 462,281 462,319 462,324 462,314 462,296 462,289 462,279 462,254 462,198 462,106 462,003 461,911 461,837 461,777 461,721 461,682 461,671 461,671 461,647 461,609 461,592 461,644 461,754 461,882 461,984 462,058 462,134 462,241 -9999 -9999 -9999 -9999 -9999 -9999 -9999 -9999 -9999 -9999 -9999 -9999 -9999 -9999 -9999 -9999 -9999 -9999 -9999 -9999 -9999 -9999 -9999 -9999 -9999 -9999 -9999 -9999 -9999 -9999 -9999 -9999 -9999 -9999 -9999 -9999 -9999
