propustnost.txt
ncols         203
nrows         227
xllcorner     -784767,48311451
yllcorner     -1151363,6465525
cellsize      5
NODATA_value  -9999
[rows 60 to 89 of 227, columns 67 to 133 of 203]
462,293 462,358 462,429 462,473 462,486 462,483 462,475 462,473 462,466 462,443 462,383 462,293 462,186 462,093 462,023 461,967 461,909 461,867 461,857 461,872 461,879 461,861 461,847 461,889 461,984 462,106 462,219 462,309 462,388 462,458 -9999 -9999 -9999 -9999 -9999 -9999 -9999 -9999 -9999 -9999 -9999 -9999 -9999 -9999 -9999 -9999 -9999 -9999 -9999 -9999 -9999 -9999 -9999 -9999 -9999 -9999 -9999 -9999 -9999 -9999 -9999 -9999 -9999 -9999 -9999 -9999 -9999
462,441 462,506 462,575 462,621 462,638 462,64 462,641 462,65 462,645 462,621 462,563 462,475 462,374 462,281 462,213 462,159 462,101 462,056 462,049 462,083 462,119 462,131 462,133 462,166 462,244 462,353 462,473 462,58 462,67 462,721 462,786 -9999 -9999 -9999 -9999 -9999 -9999 -9999 -9999 -9999 -9999 -9999 -9999 -9999 -9999 -9999 -9999 -9999 -9999 -9999 -9999 -9999 -9999 -9999 -9999 -9999 -9999 -9999 -9999 -9999 -9999 -9999 -9999 -9999 -9999 -9999 -9999
462,601 462,661 462,723 462,77 462,791 462,798 462,808 462,821 462,825 462,803 462,751 462,676 462,586 462,491 462,419 462,363 462,303 462,258 462,254 462,306 462,371 462,414 462,439 462,471 462,541 462,64 462,76 462,873 462,973 463,032 463,072 -9999 -9999 -9999 -9999 -9999 -9999 -9999 -9999 -9999 -9999 -9999 -9999 -9999 -9999 -9999 -9999 -9999 -9999 -9999 -9999 -9999 -9999 -9999 -9999 -9999 -9999 -9999 -9999 -9999 -9999 -9999 -9999 -9999 -9999 -9999 -9999
462,756 462,816 462,877 462,927 462,952 462,965 462,983 463,007 463,015 462,993 462,948 462,887 462,808 462,726 462,645 462,576 462,521 462,48 462,48 462,541 462,626 462,691 462,735 462,778 462,851 462,948 463,067 463,182 463,287 463,359 463,385 463,427 -9999 -9999 -9999 -9999 -9999 -9999 -9999 -9999 -9999 -9999 -9999 -9999 -9999 -9999 -9999 -9999 -9999 -9999 -9999 -9999 -9999 -9999 -9999 -9999 -9999 -9999 -9999 -9999 -9999 -9999 -9999 -9999 -9999 -9999 -9999
462,903 462,963 463,027 463,082 463,11 463,132 463,16 463,197 463,212 463,19 463,152 463,102 463,035 462,963 462,878 462,806 462,755 462,715 462,716 462,78 462,875 462,953 463,008 463,07 463,153 463,255 463,365 463,472 463,57 463,655 463,682 463,689 -9999 -9999 -9999 -9999 -9999 -9999 -9999 -9999 -9999 -9999 -9999 -9999 -9999 -9999 -9999 -9999 -9999 -9999 -9999 -9999 -9999 -9999 -9999 -9999 -9999 -9999 -9999 -9999 -9999 -9999 -9999 -9999 -9999 -9999 -9999
463,045 463,108 463,18 463,237 463,263 463,287 463,327 463,375 463,407 463,389 463,354 463,31 463,257 463,192 463,112 463,05 463,002 462,962 462,955 463,015 463,115 463,207 463,272 463,344 463,439 463,545 463,645 463,732 463,811 463,896 463,934 463,944 463,947 -9999 -9999 -9999 -9999 -9999 -9999 -9999 463,899 463,987 464,032 464,062 464,101 464,167 464,301 464,493 464,684 464,83 464,91 464,976 465,07 465,158 465,223 465,282 465,327 465,363 465,417 465,492 465,548 465,577 465,57 465,573 465,634 -9999 -9999
463,203 463,267 463,342 463,4 463,432 463,455 463,504 463,564 463,6 463,589 463,555 463,517 463,472 463,414 463,349 463,298 463,258 463,218 463,202 463,26 463,369 463,47 463,544 463,614 463,704 463,806 463,892 463,952 464,006 464,072 464,127 464,167 464,199 464,222 464,263 -9999 -9999 464,258 464,137 464,101 464,172 464,264 464,278 464,293 464,339 464,434 464,604 464,82 465,02 465,146 465,22 465,28 465,373 465,46 465,532 465,604 465,654 465,695 465,75 465,839 465,904 465,942 465,937 465,937 465,985 466,092 -9999
463,395 463,449 463,524 463,59 463,635 463,667 463,717 463,779 463,817 463,809 463,777 463,744 463,705 463,654 463,597 463,555 463,525 463,484 463,46 463,52 463,637 463,747 463,821 463,877 463,952 464,042 464,124 464,166 464,196 464,239 464,303 464,368 464,433 464,479 464,528 464,573 464,563 464,438 464,298 464,254 464,336 464,424 464,439 464,443 464,498 464,613 464,801 465,033 465,247 465,373 465,447 465,503 465,589 465,674 465,755 465,834 465,897 465,949 466,004 466,086 466,162 466,226 466,247 466,267 466,319 466,396 466,487
463,62 463,652 463,719 463,801 463,874 463,927 463,971 464,027 464,062 464,047 464,022 463,992 463,959 463,912 463,861 463,826 463,801 463,76 463,742 463,799 463,921 464,037 464,106 464,142 464,201 464,283 464,359 464,396 464,416 464,448 464,499 464,564 464,634 464,698 464,766 464,823 464,785 464,619 464,451 464,404 464,479 464,564 464,578 464,584 464,639 464,748 464,918 465,137 465,348 465,483 465,572 465,637 465,705 465,792 465,88 465,97 466,051 466,112 466,162 466,219 466,287 466,361 466,427 466,496 466,574 466,649 466,686
463,897 463,901 463,951 464,037 464,127 464,196 464,239 464,291 464,318 464,303 464,278 464,254 464,229 464,191 464,144 464,114 464,096 464,057 464,037 464,089 464,212 464,329 464,391 464,413 464,459 464,538 464,619 464,659 464,678 464,699 464,741 464,796 464,85 464,911 464,985 465,045 465,003 464,845 464,694 464,668 464,75 464,82 464,816 464,833 464,891 464,983 465,12 465,307 465,498 465,634 465,729 465,804 465,875 465,959 466,042 466,134 466,226 466,292 466,342 466,386 466,447 466,523 466,603 466,699 466,804 466,893 466,926
464,234 464,212 464,231 464,301 464,384 464,453 464,499 464,548 464,576 464,573 464,556 464,543 464,526 464,494 464,451 464,419 464,399 464,358 464,334 464,388 464,513 464,631 464,691 464,706 464,75 464,83 464,915 464,96 464,981 464,996 465,031 465,071 465,105 465,148 465,207 465,252 465,207 465,083 464,99 465,006 465,091 465,141 465,132 465,162 465,22 465,293 465,393 465,537 465,692 465,82 465,92 466,005 466,086 466,162 466,237 466,326 466,426 466,501 466,553 466,601 466,668 466,749 466,838 466,948 467,065 467,165 467,21
464,608 464,573 464,556 464,584 464,643 464,696 464,736 464,788 464,831 464,848 464,851 464,855 464,848 464,823 464,78 464,74 464,705 464,658 464,638 464,699 464,826 464,95 465,016 465,04 465,086 465,163 465,245 465,287 465,307 465,323 465,352 465,38 465,402 465,43 465,462 465,472 465,412 465,333 465,313 465,388 465,473 465,51 465,513 465,558 465,613 465,669 465,745 465,844 465,96 466,071 466,167 466,261 466,344 466,404 466,466 466,556 466,659 466,741 466,799 466,861 466,946 467,046 467,143 467,245 467,343 467,428 467,478
464,976 464,935 464,886 464,88 464,906 464,941 464,971 465,026 465,088 465,132 465,163 465,187 465,187 465,158 465,11 465,061 465,02 464,976 464,97 465,048 465,183 465,31 465,38 465,41 465,462 465,537 465,607 465,635 465,642 465,649 465,669 465,689 465,705 465,732 465,749 465,729 465,659 465,615 465,659 465,789 465,894 465,93 465,949 465,995 466,044 466,086 466,137 466,202 466,282 466,367 466,447 466,534 466,609 466,663 466,713 466,794 466,899 466,99 467,061 467,141 467,253 467,373 467,487 467,567 467,622 467,657 467,692
465,308 465,263 465,19 465,162 465,168 465,197 465,23 465,292 465,372 465,447 465,505 465,537 465,53 465,487 465,425 465,372 465,333 465,308 465,323 465,417 465,555 465,68 465,754 465,79 465,85 465,929 465,992 466,007 465,999 465,989 465,994 466,004 466,012 466,044 466,056 466,02 465,945 465,924 466,005 466,177 466,306 466,357 466,391 466,439 466,482 466,513 466,549 466,588 466,638 466,694 466,756 466,834 466,904 466,948 466,986 467,056 467,158 467,255 467,34 467,437 467,567 467,698 467,813 467,865 467,869 467,855 467,863
465,599 465,557 465,473 465,438 465,445 465,483 465,533 465,613 465,712 465,81 465,88 465,905 465,875 465,804 465,725 465,67 465,645 465,64 465,674 465,77 465,904 466,022 466,097 466,146 466,216 466,302 466,367 466,379 466,367 466,351 466,347 466,344 466,342 466,372 466,389 466,351 466,277 466,257 466,346 466,523 466,663 466,738 466,784 466,838 466,881 466,913 466,949 466,975 467,005 467,036 467,08 467,15 467,216 467,255 467,281 467,336 467,428 467,527 467,622 467,728 467,869 467,997 468,095 468,115 468,079 468,034 468,024
465,85 465,824 465,754 465,724 465,747 465,812 465,894 465,999 466,117 466,222 466,282 466,279 466,217 466,112 466,014 465,959 465,95 465,962 466,002 466,086 466,206 466,311 466,382 466,441 466,523 466,616 466,694 466,728 466,733 466,729 466,731 466,724 466,708 466,724 466,748 466,723 466,654 466,621 466,674 466,813 466,946 467,035 467,101 467,168 467,223 467,266 467,316 467,348 467,37 467,39 467,42 467,482 467,55 467,573 467,582 467,625 467,712 467,808 467,904 468,02 468,155 468,269 468,337 468,331 468,277 468,224 468,219
466,081 466,086 466,044 466,03 466,071 466,156 466,266 466,397 466,528 466,626 466,664 466,634 466,544 466,417 466,307 466,251 466,246 466,254 466,281 466,342 466,446 466,543 466,618 466,684 466,766 466,866 466,96 467,021 467,063 467,091 467,115 467,113 467,088 467,091 467,115 467,108 467,055 467,006 467,021 467,115 467,225 467,31 467,391 467,47 467,547 467,618 467,7 467,752 467,777 467,778 467,795 467,842 467,894 467,905 467,899 467,924 468,004 468,097 468,195 468,316 468,444 468,537 468,576 468,547 468,487 468,447 468,466
466,294 466,336 466,329 466,336 466,386 466,477 466,604 466,748 466,879 466,963 466,985 466,941 466,844 466,718 466,613 466,554 466,539 466,524 466,524 466,573 466,669 466,774 466,859 466,923 467,001 467,1 467,198 467,29 467,361 467,42 467,463 467,477 467,45 467,452 467,485 467,508 467,483 467,44 467,428 467,478 467,555 467,622 467,698 467,79 467,894 468,005 468,125 468,209 468,24 468,232 468,232 468,255 468,28 468,269 468,245 468,254 468,317 468,399 468,492 468,611 468,732 468,809 468,824 468,786 468,736 468,722 468,766
466,514 466,581 466,608 466,624 466,674 466,758 466,874 467,015 467,14 467,208 467,225 467,191 467,12 467,021 466,938 466,878 466,833 466,784 466,759 466,803 466,916 467,045 467,15 467,206 467,276 467,371 467,473 467,577 467,663 467,733 467,788 467,81 467,793 467,803 467,853 467,91 467,937 467,919 467,905 467,924 467,965 468,002 468,06 468,155 468,289 468,446 468,606 468,721 468,764 468,751 468,729 468,729 468,727 468,682 468,631 468,621 468,661 468,717 468,791 468,904 469,019 469,084 469,091 469,049 469,014 469,034 469,096
466,739 466,811 466,853 466,888 466,939 467,01 467,11 467,231 467,345 467,408 467,432 467,423 467,39 467,335 467,275 467,206 467,125 467,04 467 467,06 467,208 467,376 467,507 467,57 467,638 467,73 467,832 467,93 468,009 468,069 468,12 468,149 468,144 468,164 468,234 468,331 468,386 468,392 468,394 468,407 468,421 468,417 468,442 468,537 468,701 468,909 469,121 469,273 469,34 469,331 469,308 469,29 469,255 469,163 469,058 469,009 469,013 469,043 469,096 469,189 469,291 469,351 469,355 469,318 469,305 469,355 469,431
466,938 467 467,055 467,12 467,185 467,255 467,338 467,443 467,545 467,612 467,643 467,657 467,653 467,635 467,592 467,513 467,401 467,291 467,255 467,351 467,547 467,76 467,92 467,994 468,062 468,149 468,249 468,329 468,382 468,422 468,466 468,492 468,491 468,511 468,592 468,714 468,771 468,793 468,816 468,848 468,851 468,816 468,811 468,909 469,106 469,366 469,631 469,823 469,913 469,922 469,907 469,882 469,818 469,673 469,506 469,401 469,365 469,373 469,41 469,476 469,561 469,615 469,611 469,583 469,591 469,668 469,757
467,093 467,143 467,215 467,315 467,412 467,5 467,582 467,677 467,773 467,847 467,884 467,904 467,905 467,899 467,863 467,783 467,657 467,543 467,528 467,667 467,912 468,165 468,347 468,427 468,496 468,576 468,669 468,726 468,751 468,768 468,799 468,823 468,811 468,818 468,898 469,034 469,073 469,079 469,119 469,194 469,213 469,168 469,148 469,258 469,488 469,793 470,1 470,319 470,429 470,449 470,45 470,43 470,357 470,17 469,943 469,778 469,707 469,702 469,728 469,777 469,847 469,882 469,863 469,842 469,872 469,978 470,078
467,2 467,256 467,355 467,497 467,63 467,742 467,827 467,915 468,005 468,08 468,122 468,14 468,139 468,124 468,089 468,014 467,894 467,797 467,812 467,984 468,262 468,537 468,727 468,809 468,874 468,946 469,026 469,064 469,071 469,073 469,088 469,101 469,083 469,078 469,149 469,285 469,296 469,291 469,346 469,465 469,516 469,495 469,48 469,608 469,862 470,194 470,515 470,742 470,854 470,876 470,882 470,869 470,801 470,604 470,354 470,154 470,057 470,035 470,053 470,088 470,135 470,149 470,108 470,093 470,149 470,285 470,394
467,301 467,373 467,5 467,673 467,842 467,975 468,07 468,157 468,24 468,316 468,357 468,371 468,361 468,332 468,294 468,219 468,11 468,032 468,07 468,265 468,561 468,844 469,033 469,113 469,173 469,245 469,32 469,353 469,35 469,336 469,338 469,341 469,318 469,308 469,373 469,496 469,498 469,476 469,531 469,677 469,777 469,793 469,8 469,947 470,21 470,541 470,854 471,071 471,173 471,184 471,186 471,178 471,124 470,956 470,722 470,519 470,41 470,379 470,387 470,414 470,439 470,429 470,37 470,36 470,435 470,589 470,696
467,428 467,517 467,665 467,858 468,049 468,204 468,306 468,392 468,471 468,542 468,582 468,592 468,574 468,541 468,494 468,421 468,321 468,249 468,297 468,501 468,798 469,079 469,263 469,345 469,411 469,491 469,575 469,615 469,608 469,581 469,571 469,568 469,55 469,54 469,595 469,705 469,707 469,665 469,708 469,867 470,008 470,073 470,107 470,264 470,515 470,821 471,108 471,304 471,394 471,396 471,393 471,388 471,358 471,236 471,051 470,872 470,772 470,736 470,732 470,751 470,761 470,731 470,666 470,661 470,741 470,891 470,981
467,597 467,692 467,852 468,057 468,264 468,431 468,536 468,619 468,691 468,754 468,794 468,808 468,788 468,754 468,711 468,637 468,537 468,464 468,506 468,707 468,998 469,275 469,463 469,555 469,638 469,735 469,833 469,883 469,875 469,84 469,818 469,813 469,807 469,802 469,843 469,928 469,933 469,872 469,9 470,073 470,245 470,352 470,409 470,562 470,786 471,046 471,289 471,468 471,558 471,561 471,56 471,561 471,551 471,476 471,344 471,213 471,133 471,096 471,088 471,098 471,094 471,059 471,001 470,999 471,069 471,194 471,253
467,79 467,88 468,045 468,255 468,469 468,642 468,753 468,834 468,899 468,959 469,003 469,018 468,998 468,964 468,928 468,864 468,776 468,702 468,736 468,923 469,199 469,47 469,663 469,773 469,877 469,988 470,103 470,157 470,15 470,113 470,093 470,092 470,092 470,084 470,112 470,187 470,19 470,129 470,15 470,324 470,509 470,636 470,701 470,841 471,023 471,233 471,434 471,593 471,681 471,7 471,708 471,721 471,733 471,693 471,606 471,521 471,471 471,449 471,443 471,446 471,434 471,398 471,354 471,363 471,424 471,513 471,526
468,022 468,1 468,26 468,469 468,676 468,848 468,961 469,043 469,109 469,169 469,218 469,236 469,215 469,179 469,149 469,103 469,033 468,969 468,994 469,163 469,416 469,677 469,877 470,003 470,124 470,245 470,365 470,424 470,42 470,39 470,377 470,384 470,385 470,365 470,38 470,46 470,485 470,447 470,467 470,614 470,786 470,914 470,976 471,098 471,243 471,403 471,566 471,703 471,79 471,825 471,85 471,88 471,913 471,903 471,851 471,803 471,783 471,78 471,78 471,781 471,768 471,736 471,715 471,736 471,795 471,851 471,828
468,287 468,357 468,512 468,711 468,899 469,054 469,166 469,251 469,325 469,391 469,446 469,468 469,45 469,406 469,38 469,35 469,303 469,258 469,285 469,425 469,651 469,897 470,098 470,237 470,365 470,489 470,601 470,657 470,664 470,642 470,641 470,652 470,657 470,629 470,642 470,746 470,806 470,792 470,797 470,902 471,053 471,163 471,214 471,323 471,441 471,566 471,698 471,815 471,898 471,938 471,983 472,042 472,097 472,113 472,092 472,063 472,063 472,078 472,092 472,093 472,085 472,068 472,065 472,103 472,162 472,203 472,162
468,557 468,626 468,776 468,958 469,128 469,271 469,381 469,47 469,546 469,62 469,683 469,712 469,698 469,66 469,633 469,61 469,576 469,546 469,571 469,683 469,878 470,102 470,3 470,445 470,574 470,696 470,802 470,866 470,887 470,881 470,877 470,887 470,901 470,879 470,896 471,006 471,088 471,071 471,048 471,124 471,256 471,363 471,413 471,508 471,615 471,725 471,835 471,938 472,018 472,063 472,122 472,202 472,282 472,323 472,322 472,317 472,333 472,36 472,385 472,397 472,402 472,4 472,415 472,46 472,517 472,547 472,504
