propustnost.txt
ncols         203
nrows         227
xllcorner     -784767,48311451
yllcorner     -1151363,6465525
cellsize      5
NODATA_value  -9999
[rows 180 to 209 of 227, columns 0 to 66 of 203]
-9999 -9999 -9999 -9999 -9999 -9999 -9999 -9999 -9999 -9999 -9999 -9999 -9999 -9999 -9999 -9999 504,953 504,939 504,964 505,033 505,138 505,275 505,435 505,6 505,737 505,86 505,987 506,11 506,23 506,35 506,477 506,594 506,681 506,706 506,676 506,622 506,565 506,504 506,449 506,392 506,335 506,315 506,317 506,315 506,325 -9999 -9999 -9999 -9999 -9999 -9999 -9999 -9999 -9999 -9999 -9999 -9999 -9999 -9999 -9999 -9999 -9999 -9999 -9999 -9999 -9999 -9999
-9999 -9999 -9999 -9999 -9999 -9999 -9999 -9999 -9999 -9999 -9999 -9999 -9999 -9999 -9999 -9999 505,046 505,064 505,108 505,174 505,275 505,431 505,6 505,777 505,925 506,06 506,2 506,347 506,487 506,627 506,781 506,932 507,063 507,128 507,118 507,083 507,032 506,972 506,901 506,824 506,751 506,737 506,764 -9999 -9999 -9999 -9999 -9999 -9999 -9999 -9999 -9999 -9999 -9999 -9999 -9999 -9999 -9999 -9999 -9999 -9999 -9999 -9999 -9999 -9999 -9999 -9999
-9999 -9999 -9999 -9999 -9999 -9999 -9999 -9999 -9999 -9999 -9999 505,415 505,336 505,233 -9999 -9999 504,994 505,098 505,181 505,254 505,35 505,515 505,696 505,883 506,052 506,2 506,355 506,525 506,682 506,839 507,011 507,189 507,341 507,433 507,468 507,481 507,478 507,464 507,419 507,363 -9999 -9999 -9999 -9999 -9999 -9999 -9999 -9999 -9999 -9999 -9999 -9999 -9999 -9999 -9999 -9999 -9999 -9999 -9999 -9999 -9999 -9999 -9999 -9999 -9999 -9999 -9999
-9999 -9999 -9999 -9999 -9999 -9999 -9999 -9999 -9999 505,606 505,42 505,296 505,251 505,193 505,038 -9999 -9999 505,048 505,194 505,261 505,341 505,52 505,728 505,937 506,115 506,284 506,462 506,656 506,839 507,011 507,198 507,403 507,565 507,665 507,751 507,845 507,906 507,983 -9999 -9999 -9999 -9999 -9999 -9999 -9999 -9999 -9999 -9999 -9999 -9999 -9999 -9999 -9999 -9999 -9999 -9999 -9999 -9999 -9999 -9999 -9999 -9999 -9999 -9999 -9999 -9999 -9999
-9999 -9999 -9999 -9999 -9999 -9999 -9999 505,772 505,57 505,388 505,234 505,133 505,119 505,114 505,029 -9999 -9999 504,928 505,141 505,249 505,33 505,506 505,722 505,938 506,142 506,335 506,534 506,747 506,949 507,148 507,358 507,588 507,78 507,935 508,098 508,298 -9999 -9999 -9999 -9999 -9999 -9999 -9999 -9999 -9999 -9999 -9999 -9999 -9999 -9999 -9999 -9999 -9999 -9999 -9999 -9999 -9999 -9999 -9999 -9999 -9999 -9999 -9999 -9999 -9999 -9999 -9999
-9999 -9999 -9999 -9999 -9999 505,818 505,62 505,45 505,29 505,149 505,023 504,926 504,909 504,934 504,924 504,747 -9999 -9999 504,916 505,118 505,248 505,41 505,628 505,858 506,092 506,32 506,549 506,796 507,021 507,249 507,493 507,75 507,998 -9999 -9999 -9999 -9999 -9999 -9999 -9999 -9999 -9999 -9999 -9999 -9999 -9999 -9999 -9999 -9999 -9999 -9999 -9999 -9999 -9999 -9999 -9999 -9999 -9999 -9999 -9999 -9999 -9999 -9999 -9999 -9999 -9999 -9999
-9999 -9999 505,96 505,752 505,571 505,391 505,219 505,073 504,949 504,839 504,731 504,626 504,584 504,582 504,567 504,437 -9999 -9999 -9999 -9999 -9999 -9999 505,378 505,646 505,933 506,212 506,499 506,782 507,047 -9999 -9999 -9999 -9999 -9999 -9999 -9999 -9999 -9999 -9999 -9999 -9999 -9999 -9999 -9999 -9999 -9999 -9999 -9999 -9999 -9999 -9999 -9999 -9999 -9999 -9999 -9999 -9999 -9999 -9999 -9999 -9999 -9999 -9999 -9999 -9999 -9999 -9999
-9999 -9999 505,276 505,183 505,059 504,909 504,751 504,609 504,494 504,387 504,28 504,162 504,1 504,105 504,139 504,065 -9999 -9999 -9999 -9999 -9999 -9999 -9999 -9999 -9999 -9999 -9999 -9999 -9999 -9999 -9999 -9999 -9999 -9999 -9999 -9999 -9999 -9999 -9999 -9999 -9999 -9999 -9999 -9999 -9999 -9999 -9999 -9999 -9999 -9999 -9999 -9999 -9999 -9999 -9999 -9999 -9999 -9999 -9999 -9999 -9999 -9999 -9999 -9999 -9999 -9999 -9999
505,073 504,859 504,726 504,637 504,487 504,334 504,174 504,039 503,93 503,823 503,717 503,612 503,553 503,578 503,658 503,643 -9999 -9999 503,687 503,935 504,187 504,427 -9999 -9999 -9999 -9999 -9999 -9999 -9999 -9999 -9999 -9999 -9999 -9999 -9999 -9999 -9999 -9999 -9999 -9999 -9999 -9999 -9999 -9999 -9999 -9999 -9999 -9999 -9999 -9999 -9999 -9999 -9999 -9999 -9999 -9999 -9999 -9999 -9999 -9999 -9999 -9999 -9999 -9999 -9999 -9999 -9999
504,356 504,219 504,095 503,96 503,778 503,625 503,495 503,395 503,315 503,231 503,14 503,05 503,036 503,1 503,188 503,2 -9999 -9999 503,336 503,615 503,883 504,142 504,461 504,823 505,244 505,633 506,088 -9999 -9999 -9999 -9999 -9999 -9999 -9999 -9999 -9999 -9999 -9999 -9999 -9999 -9999 -9999 -9999 -9999 -9999 -9999 -9999 -9999 -9999 -9999 -9999 -9999 -9999 -9999 -9999 -9999 -9999 -9999 -9999 -9999 -9999 -9999 -9999 -9999 -9999 -9999 -9999
503,595 503,478 503,34 503,178 503,02 502,886 502,789 502,731 502,699 502,649 502,584 502,527 502,549 502,643 502,749 -9999 -9999 -9999 503,013 503,326 503,623 503,899 504,234 504,607 505,024 505,406 505,853 -9999 -9999 -9999 -9999 -9999 -9999 -9999 -9999 -9999 -9999 -9999 -9999 -9999 -9999 -9999 -9999 -9999 -9999 -9999 -9999 -9999 -9999 -9999 -9999 -9999 -9999 -9999 -9999 -9999 -9999 -9999 -9999 -9999 -9999 -9999 -9999 -9999 -9999 -9999 -9999
502,771 502,659 502,521 502,372 502,252 502,152 502,099 502,082 502,102 502,09 502,054 502,034 502,085 502,201 502,327 -9999 -9999 -9999 502,693 503,023 503,34 503,637 503,989 504,376 504,797 505,184 505,62 -9999 -9999 -9999 -9999 -9999 -9999 -9999 -9999 -9999 -9999 -9999 -9999 -9999 -9999 -9999 -9999 -9999 -9999 -9999 -9999 -9999 -9999 -9999 -9999 -9999 -9999 -9999 -9999 -9999 -9999 -9999 -9999 -9999 -9999 -9999 -9999 -9999 -9999 -9999 -9999
501,915 501,819 501,705 501,593 501,507 501,452 501,438 501,462 501,517 501,533 501,523 501,537 501,613 501,749 501,895 -9999 -9999 502,109 502,364 502,684 503,008 503,341 503,718 504,13 504,596 505,014 505,466 -9999 -9999 -9999 -9999 -9999 -9999 -9999 -9999 -9999 -9999 -9999 -9999 -9999 -9999 -9999 -9999 -9999 -9999 -9999 -9999 -9999 -9999 -9999 -9999 -9999 -9999 -9999 -9999 -9999 -9999 -9999 -9999 -9999 -9999 -9999 -9999 -9999 -9999 -9999 -9999
501,07 500,981 500,901 500,825 500,771 500,761 500,786 500,838 500,915 500,963 500,985 501 501,111 501,297 -9999 -9999 -9999 501,794 502,039 502,339 502,674 503,046 503,456 503,909 504,412 504,881 505,39 -9999 -9999 -9999 -9999 -9999 -9999 -9999 -9999 -9999 -9999 -9999 -9999 -9999 -9999 -9999 -9999 -9999 -9999 -9999 -9999 -9999 -9999 -9999 -9999 -9999 -9999 -9999 -9999 -9999 -9999 -9999 -9999 -9999 -9999 -9999 -9999 -9999 -9999 -9999 -9999
500,231 500,171 500,112 500,059 500,042 500,064 500,114 500,186 500,291 500,371 500,429 500,493 500,628 500,825 -9999 -9999 -9999 501,497 501,727 502,027 502,396 502,799 503,236 503,728 504,285 504,813 505,351 -9999 -9999 -9999 -9999 -9999 -9999 -9999 -9999 -9999 -9999 -9999 -9999 -9999 -9999 -9999 -9999 -9999 -9999 -9999 -9999 -9999 -9999 -9999 -9999 -9999 -9999 -9999 -9999 -9999 -9999 -9999 -9999 -9999 -9999 -9999 -9999 -9999 -9999 -9999 -9999
499,41 499,39 499,358 499,332 499,347 499,388 499,454 499,54 499,665 499,78 499,889 500,016 500,176 500,398 -9999 -9999 501,031 501,22 501,453 501,78 502,182 502,613 503,078 503,615 504,225 504,802 505,351 -9999 -9999 -9999 -9999 -9999 -9999 -9999 -9999 -9999 -9999 -9999 -9999 -9999 -9999 -9999 -9999 -9999 -9999 -9999 -9999 -9999 -9999 -9999 -9999 -9999 -9999 -9999 -9999 -9999 -9999 -9999 -9999 -9999 -9999 -9999 -9999 -9999 -9999 -9999 -9999
498,651 498,67 498,665 498,67 498,71 498,77 498,84 498,933 499,062 499,222 499,392 499,562 499,764 500,051 -9999 -9999 500,803 500,983 501,23 501,597 502,04 502,504 502,983 503,572 504,255 504,883 -9999 -9999 -9999 -9999 -9999 -9999 -9999 -9999 -9999 -9999 -9999 -9999 -9999 -9999 -9999 -9999 -9999 -9999 -9999 -9999 -9999 -9999 -9999 -9999 -9999 -9999 -9999 -9999 -9999 -9999 -9999 -9999 -9999 -9999 -9999 -9999 -9999 -9999 -9999 -9999 -9999
497,911 497,952 497,981 498,027 498,114 498,196 498,268 498,364 498,506 498,666 498,875 499,108 499,397 -9999 -9999 -9999 500,593 500,796 501,115 501,517 501,949 502,421 502,976 503,627 504,319 -9999 -9999 -9999 -9999 -9999 -9999 -9999 -9999 -9999 -9999 -9999 -9999 -9999 -9999 -9999 -9999 -9999 -9999 -9999 -9999 -9999 -9999 -9999 -9999 -9999 -9999 -9999 -9999 -9999 -9999 -9999 -9999 -9999 -9999 -9999 -9999 -9999 -9999 -9999 -9999 -9999 -9999
497,205 497,274 497,325 497,404 497,525 497,646 497,744 497,856 498,007 498,201 498,449 498,751 499,143 -9999 -9999 500,207 500,428 500,723 501,103 501,518 501,947 502,456 503,086 503,765 -9999 -9999 -9999 -9999 -9999 -9999 -9999 -9999 -9999 -9999 -9999 -9999 -9999 -9999 -9999 -9999 -9999 -9999 -9999 -9999 -9999 -9999 -9999 -9999 -9999 -9999 -9999 -9999 -9999 -9999 -9999 -9999 -9999 -9999 -9999 -9999 -9999 -9999 -9999 -9999 -9999 -9999 -9999
496,586 496,685 496,775 496,892 497,038 497,195 497,332 497,479 497,669 497,897 498,156 498,521 -9999 -9999 -9999 500,036 500,334 500,718 501,12 501,543 502,03 502,643 503,311 -9999 -9999 -9999 -9999 -9999 -9999 -9999 -9999 -9999 -9999 -9999 -9999 -9999 -9999 -9999 -9999 -9999 -9999 -9999 -9999 -9999 -9999 -9999 -9999 -9999 -9999 -9999 -9999 -9999 -9999 -9999 -9999 -9999 -9999 -9999 -9999 -9999 -9999 -9999 -9999 -9999 -9999 -9999 -9999
496,093 496,241 496,385 496,541 496,717 496,893 497,063 497,245 497,477 497,697 497,921 498,353 -9999 -9999 -9999 499,967 500,309 500,688 501,076 501,568 502,236 502,924 -9999 -9999 -9999 -9999 -9999 -9999 -9999 -9999 -9999 -9999 -9999 -9999 -9999 -9999 -9999 -9999 -9999 -9999 -9999 -9999 -9999 -9999 -9999 -9999 -9999 -9999 -9999 -9999 -9999 -9999 -9999 -9999 -9999 -9999 -9999 -9999 -9999 -9999 -9999 -9999 -9999 -9999 -9999 -9999 -9999
495,686 495,889 496,093 496,29 496,488 496,675 496,867 497,078 497,324 497,52 497,732 498,236 -9999 -9999 499,71 499,944 500,301 500,694 501,151 501,777 502,563 -9999 -9999 -9999 -9999 -9999 -9999 -9999 -9999 -9999 -9999 -9999 -9999 -9999 -9999 -9999 -9999 -9999 -9999 -9999 -9999 -9999 -9999 -9999 -9999 -9999 -9999 -9999 -9999 -9999 -9999 -9999 -9999 -9999 -9999 -9999 -9999 -9999 -9999 -9999 -9999 -9999 -9999 -9999 -9999 -9999 -9999
495,27 495,532 495,797 496,041 496,251 496,456 496,676 496,925 497,189 497,399 497,676 -9999 -9999 -9999 499,652 499,952 500,369 500,851 501,428 502,104 -9999 -9999 -9999 -9999 -9999 -9999 -9999 -9999 -9999 -9999 -9999 -9999 -9999 -9999 -9999 -9999 -9999 -9999 -9999 -9999 -9999 -9999 -9999 -9999 -9999 -9999 -9999 -9999 -9999 -9999 -9999 -9999 -9999 -9999 -9999 -9999 -9999 -9999 -9999 -9999 -9999 -9999 -9999 -9999 -9999 -9999 -9999
494,803 495,104 495,441 495,741 495,978 496,219 496,485 496,778 497,077 497,372 497,797 -9999 -9999 499,303 499,545 499,969 500,523 501,131 501,794 -9999 -9999 -9999 -9999 -9999 -9999 -9999 -9999 -9999 -9999 -9999 -9999 -9999 -9999 -9999 -9999 -9999 -9999 -9999 -9999 -9999 -9999 -9999 -9999 -9999 -9999 -9999 -9999 -9999 -9999 -9999 -9999 -9999 -9999 -9999 -9999 -9999 -9999 -9999 -9999 -9999 -9999 -9999 -9999 -9999 -9999 -9999 -9999
494,343 494,662 495,07 495,439 495,706 495,969 496,27 496,6 496,932 497,36 -9999 -9999 -9999 499,22 499,514 500,084 500,776 501,475 -9999 -9999 -9999 -9999 -9999 -9999 -9999 -9999 -9999 -9999 -9999 -9999 -9999 -9999 -9999 -9999 -9999 -9999 -9999 -9999 -9999 -9999 -9999 -9999 -9999 -9999 -9999 -9999 -9999 -9999 -9999 -9999 -9999 -9999 -9999 -9999 -9999 -9999 -9999 527,886 -9999 -9999 -9999 -9999 -9999 -9999 -9999 -9999 -9999
493,944 494,29 494,762 495,187 495,487 495,772 496,106 496,445 496,803 497,372 -9999 -9999 499,087 499,268 499,685 500,368 501,118 -9999 -9999 -9999 -9999 -9999 -9999 -9999 -9999 -9999 -9999 -9999 -9999 -9999 -9999 -9999 -9999 -9999 -9999 -9999 -9999 -9999 -9999 -9999 -9999 -9999 -9999 -9999 -9999 -9999 -9999 -9999 -9999 -9999 -9999 -9999 -9999 -9999 -9999 527,871 527,936 527,916 527,985 528,176 528,457 -9999 -9999 -9999 -9999 -9999 -9999
493,609 493,993 494,543 495,009 495,305 495,607 496,036 496,416 496,803 -9999 -9999 -9999 499,143 499,439 500,007 500,759 -9999 -9999 -9999 -9999 -9999 -9999 -9999 -9999 -9999 -9999 -9999 -9999 -9999 -9999 -9999 -9999 -9999 -9999 -9999 -9999 -9999 -9999 -9999 -9999 -9999 -9999 -9999 -9999 -9999 -9999 -9999 -9999 -9999 -9999 -9999 -9999 -9999 -9999 527,97 528,023 528,058 528,15 528,247 528,393 528,608 528,794 529,029 529,292 529,586 529,814 529,863
493,287 493,759 494,353 494,832 495,139 495,496 495,986 496,411 496,968 -9999 -9999 -9999 499,268 499,724 500,429 -9999 -9999 -9999 -9999 -9999 -9999 -9999 -9999 -9999 -9999 -9999 -9999 -9999 -9999 -9999 -9999 -9999 -9999 -9999 -9999 -9999 -9999 -9999 -9999 -9999 -9999 -9999 -9999 -9999 -9999 -9999 -9999 -9999 -9999 -9999 -9999 -9999 -9999 528,428 528,357 528,422 528,502 528,605 528,697 528,777 528,892 529,044 529,209 529,362 529,531 529,639 529,709
492,965 493,548 494,195 494,703 495,082 495,511 495,993 496,51 497,297 -9999 -9999 499,15 499,55 500,141 -9999 -9999 -9999 -9999 -9999 -9999 -9999 -9999 -9999 -9999 -9999 -9999 -9999 -9999 -9999 -9999 -9999 -9999 -9999 -9999 -9999 -9999 -9999 -9999 -9999 -9999 -9999 -9999 -9999 -9999 -9999 -9999 -9999 -9999 -9999 -9999 -9999 -9999 -9999 -9999 529,039 529,124 529,12 529,181 529,297 529,286 529,277 529,369 529,507 529,582 529,623 529,651 529,659
492,714 493,401 494,081 494,64 495,11 495,586 496,054 496,742 -9999 -9999 -9999 499,465 -9999 -9999 -9999 -9999 -9999 -9999 -9999 -9999 -9999 -9999 -9999 -9999 -9999 -9999 -9999 -9999 -9999 -9999 -9999 -9999 -9999 -9999 -9999 -9999 -9999 -9999 -9999 -9999 -9999 -9999 -9999 -9999 -9999 -9999 -9999 -9999 -9999 -9999 -9999 -9999 -9999 -9999 -9999 -9999 -9999 529,873 530,014 530,016 529,968 529,909 529,963 529,939 529,909 529,889 529,823
